LatOrigin  = 48.715052
LongOrigin = 2.209611