LatOrigin  = 48.418841944444445
LongOrigin = -4.4724458333333335