LatOrigin  = 48.418068
LongOrigin = -4.473271