LatOrigin  = 48.715203
LongOrigin = 2.209163