lat_north = 48.717005
lat_south = 48.714347
lon_east  = 2.214869
lon_west  = 2.203019