lat_north = 48.420035
lat_south = 48.41748444444444
lon_east  = -4.468613888888889
lon_west  = -4.4755891666666665