lat_north = 48.3997222
lat_south = 48.3836111
lon_east  = -4.412222222222223
lon_west  = -4.441666666666667
