LatOrigin  = 48.3909425
LongOrigin = -4.434643333333334
