lat_north = 48.404964444444445
lat_south = 48.40080888888889
lon_east  = -4.517417222222222
lon_west  = -4.524406111111111