lat_north = 48.405193
lat_south = 48.400339
lon_east  = -4.516894
lon_west  = -4.525826