lat_north = 42.954586
lat_south = 42.952055
lon_east  = 10.604054
lon_west  = 10.601285