LatOrigin  = 42.954276
LongOrigin = 10.601696