lat_north = 44.096199
lat_south = 44.095218
lon_east  = 9.865313
lon_west  = 9.863539