LatOrigin  = 44.095613
LongOrigin = 9.864769