LatOrigin  = 42.954265261247329
LongOrigin = 10.60172556417597