// Penfeld
LatOrigin  = 48.40166
LongOrigin = -4.51904